#include <cbang/util/Resource.h>

using namespace cb;

namespace CAMotics {
extern const unsigned char data2[] = {97,116,116,114,105,98,117,116,101,32,118,
101,99,51,32,112,111,115,105,116,105,111,110,59,10,97,116,116,114,105,98,117,
116,101,32,118,101,99,51,32,110,111,114,109,97,108,59,10,97,116,116,114,105,98,
117,116,101,32,118,101,99,52,32,99,111,108,111,114,59,10,10,117,110,105,102,111,
114,109,32,109,97,116,52,32,112,114,111,106,101,99,116,105,111,110,59,10,117,
110,105,102,111,114,109,32,109,97,116,52,32,118,105,101,119,59,10,117,110,105,
102,111,114,109,32,109,97,116,52,32,109,111,100,101,108,59,10,117,110,105,102,
111,114,109,32,109,97,116,51,32,110,111,114,109,97,108,77,97,116,59,32,47,47,32,
109,97,116,51,40,116,114,97,110,115,112,111,115,101,40,105,110,118,101,114,115,
101,40,109,111,100,101,108,41,41,41,10,10,118,97,114,121,105,110,103,32,118,101,
99,51,32,102,78,111,114,109,97,108,59,10,118,97,114,121,105,110,103,32,118,101,
99,51,32,102,80,111,115,105,116,105,111,110,59,10,118,97,114,121,105,110,103,32,
118,101,99,52,32,102,67,111,108,111,114,59,10,10,10,118,111,105,100,32,109,97,
105,110,40,41,32,123,10,32,32,102,80,111,115,105,116,105,111,110,32,32,32,61,32,
118,101,99,51,40,109,111,100,101,108,32,42,32,118,101,99,52,40,112,111,115,105,
116,105,111,110,44,32,49,46,48,41,41,59,10,32,32,102,78,111,114,109,97,108,32,
32,32,32,32,61,32,110,111,114,109,97,108,77,97,116,32,42,32,110,111,114,109,97,
108,59,10,32,32,102,67,111,108,111,114,32,32,32,32,32,32,61,32,99,111,108,111,
114,59,10,32,32,103,108,95,80,111,115,105,116,105,111,110,32,61,32,112,114,111,
106,101,99,116,105,111,110,32,42,32,118,105,101,119,32,42,32,118,101,99,52,40,
102,80,111,115,105,116,105,111,110,44,32,49,46,48,41,59,10,125,10,0};
extern const unsigned char data3[] = {35,105,102,100,101,102,32,71,76,95,69,83,
10,112,114,101,99,105,115,105,111,110,32,109,101,100,105,117,109,112,32,102,108,
111,97,116,59,10,35,101,110,100,105,102,10,10,118,97,114,121,105,110,103,32,118,
101,99,51,32,102,78,111,114,109,97,108,59,10,118,97,114,121,105,110,103,32,118,
101,99,51,32,102,80,111,115,105,116,105,111,110,59,10,118,97,114,121,105,110,
103,32,118,101,99,52,32,102,67,111,108,111,114,59,10,10,115,116,114,117,99,116,
32,76,105,103,104,116,32,123,10,32,32,98,111,111,108,32,101,110,97,98,108,101,
100,59,10,32,32,118,101,99,51,32,100,105,114,101,99,116,105,111,110,59,10,32,32,
118,101,99,52,32,97,109,98,105,101,110,116,59,10,32,32,118,101,99,52,32,100,105,
102,102,117,115,101,59,10,125,59,10,10,117,110,105,102,111,114,109,32,76,105,
103,104,116,32,108,105,103,104,116,59,10,10,10,118,101,99,52,32,112,104,111,110,
103,95,99,111,108,111,114,40,41,32,123,10,32,32,118,101,99,52,32,97,109,98,105,
101,110,116,32,32,61,32,102,67,111,108,111,114,32,42,32,108,105,103,104,116,46,
97,109,98,105,101,110,116,59,10,32,32,118,101,99,52,32,100,105,102,102,117,115,
101,32,32,61,32,102,67,111,108,111,114,32,42,32,108,105,103,104,116,46,100,105,
102,102,117,115,101,59,10,10,32,32,47,47,32,68,105,102,102,117,115,101,10,32,32,
118,101,99,51,32,110,111,114,109,32,32,32,32,32,61,32,110,111,114,109,97,108,
105,122,101,40,102,78,111,114,109,97,108,41,59,10,32,32,118,101,99,51,32,108,
105,103,104,116,68,105,114,32,61,32,110,111,114,109,97,108,105,122,101,40,45,
108,105,103,104,116,46,100,105,114,101,99,116,105,111,110,41,59,10,32,32,100,
105,102,102,117,115,101,32,42,61,32,109,97,120,40,100,111,116,40,110,111,114,
109,44,32,108,105,103,104,116,68,105,114,41,44,32,48,46,48,41,59,10,10,32,32,
114,101,116,117,114,110,32,97,109,98,105,101,110,116,32,43,32,100,105,102,102,
117,115,101,59,10,125,10,10,10,118,111,105,100,32,109,97,105,110,40,41,32,123,
10,32,32,105,102,32,40,108,105,103,104,116,46,101,110,97,98,108,101,100,41,32,
103,108,95,70,114,97,103,67,111,108,111,114,32,61,32,112,104,111,110,103,95,99,
111,108,111,114,40,41,59,10,32,32,101,108,115,101,32,103,108,95,70,114,97,103,
67,111,108,111,114,32,61,32,102,67,111,108,111,114,59,10,125,10,0};

extern const FileResource resource2("phong.vert", (const char *)data2, 448);
extern const FileResource resource3("phong.frag", (const char *)data3, 600);
const Resource *children1[] = {&resource2,&resource3,0};
extern const DirectoryResource resource1("shaders", children1);
const Resource *children0[] = {&resource1,0};
extern const DirectoryResource resource0("resources", children0);
} // namespace CAMotics
